A = [0.167375	0.64926875	1.62374875	3.36084125	6.35227125	10.90093875	17.38449375	26.47487375	39.02942875	58.33862125
]
B = [0.12	0.5856	1.7424	4.1472	8.7384	16.7376	29.6568	49.68	80.2632	128.6304
]
